
using example step of 3

i -- up by one each iteration

pos -- increases by 4 (modulo i)

zero is always at index 0

keep track of when pos equals 1, i is inserted there

state of first value of array stays the same until we insert at position 1 again]

go up to 50000000

[0]
1 1                        = i pos
[0, 1]
2 1                        = i pos
[0, 2, 1]
3 2                        = i pos
[0, 2, 3, 1]
4 2
[0, 2, 4, 3, 1]
5 1
[0, 5, 2, 4, 3, 1]
6 5
[0, 5, 2, 4, 3, 6, 1]
7 2
[0, 5, 7, 2, 4, 3, 6, 1]
8 6
[0, 5, 7, 2, 4, 3, 8, 6, 1]
9 1
[0, 9, 5, 7, 2, 4, 3, 8, 6, 1]
10 5
[0, 9, 5, 7, 2, 10, 4, 3, 8, 6, 1]
11 9
[0, 9, 5, 7, 2, 10, 4, 3, 8, 11, 6, 1]
12 1
[0, 12, 9, 5, 7, 2, 10, 4, 3, 8, 11, 6, 1]
13 5
[0, 12, 9, 5, 7, 13, 2, 10, 4, 3, 8, 11, 6, 1]
14 9
[0, 12, 9, 5, 7, 13, 2, 10, 4, 14, 3, 8, 11, 6, 1]
15 13
[0, 12, 9, 5, 7, 13, 2, 10, 4, 14, 3, 8, 11, 15, 6, 1]
16 1
[0, 16, 12, 9, 5, 7, 13, 2, 10, 4, 14, 3, 8, 11, 15, 6, 1]
17 5
[0, 16, 12, 9, 5, 17, 7, 13, 2, 10, 4, 14, 3, 8, 11, 15, 6, 1]
18 9
[0, 16, 12, 9, 5, 17, 7, 13, 2, 18, 10, 4, 14, 3, 8, 11, 15, 6, 1]
19 13
[0, 16, 12, 9, 5, 17, 7, 13, 2, 18, 10, 4, 14, 19, 3, 8, 11, 15, 6, 1]
20 17
[0, 16, 12, 9, 5, 17, 7, 13, 2, 18, 10, 4, 14, 19, 3, 8, 11, 20, 15, 6, 1]
21 21
[0, 16, 12, 9, 5, 17, 7, 13, 2, 18, 10, 4, 14, 19, 3, 8, 11, 20, 15, 6, 1, 21]
22 3
[0, 16, 12, 22, 9, 5, 17, 7, 13, 2, 18, 10, 4, 14, 19, 3, 8, 11, 20, 15, 6, 1, 21]
23 7
[0, 16, 12, 22, 9, 5, 17, 23, 7, 13, 2, 18, 10, 4, 14, 19, 3, 8, 11, 20, 15, 6, 1, 21]
24 11
[0, 16, 12, 22, 9, 5, 17, 23, 7, 13, 2, 24, 18, 10, 4, 14, 19, 3, 8, 11, 20, 15, 6, 1, 21]
25 15
[0, 16, 12, 22, 9, 5, 17, 23, 7, 13, 2, 24, 18, 10, 4, 25, 14, 19, 3, 8, 11, 20, 15, 6, 1, 21]
26 19
[0, 16, 12, 22, 9, 5, 17, 23, 7, 13, 2, 24, 18, 10, 4, 25, 14, 19, 3, 26, 8, 11, 20, 15, 6, 1, 21]
27 23
[0, 16, 12, 22, 9, 5, 17, 23, 7, 13, 2, 24, 18, 10, 4, 25, 14, 19, 3, 26, 8, 11, 20, 27, 15, 6, 1, 21]
28 27
[0, 16, 12, 22, 9, 5, 17, 23, 7, 13, 2, 24, 18, 10, 4, 25, 14, 19, 3, 26, 8, 11, 20, 27, 15, 6, 1, 28, 21]
29 2
[0, 16, 29, 12, 22, 9, 5, 17, 23, 7, 13, 2, 24, 18, 10, 4, 25, 14, 19, 3, 26, 8, 11, 20, 27, 15, 6, 1, 28, 21]
30 6
[0, 16, 29, 12, 22, 9, 30, 5, 17, 23, 7, 13, 2, 24, 18, 10, 4, 25, 14, 19, 3, 26, 8, 11, 20, 27, 15, 6, 1, 28, 21]
